[] 16 0
[16, 17] 11 2
[11, 17, 16] 10 3
[11, 10, 16, 17] 9 4
[11, 10, 9, 17, 9] 8 6
[14, 14, 11, 11, 15] 5 213
[10, 12, 10, 16, 9] 3 371
[18, 18, 14, 11, 12] 2 3060
[16, 11, 17, 13, 14] 1 3360
[] 9 0
[10, 11, 11, 10, 10] 8 103
[10, 11, 11, 11, 12] 7 194
[] 101 0
[103, 101, 102, 101, 102] 100 7
[104, 103, 102, 103, 100] 99 16
[99, 99, 102, 99, 103] 98 24
[102, 99, 102, 99, 103] 97 25
[102, 99, 98, 99, 103] 96 28
[102, 99, 98, 99, 103] 95 31
[103, 96, 102, 96, 102] 94 55
[98, 96, 97, 101, 95] 93 111
[103, 98, 104, 96, 103] 92 2366
[99, 101, 104, 97, 103] 91 2409
[103, 105, 104, 99, 103] 90 2416
[100, 95, 105, 91, 96] 89 3356
[95, 97, 96, 105, 98] 88 3991
[97, 98, 98, 93, 99] 87 6496
[] 27 0
[27, 28, 27, 29, 29] 26 10
[27, 28, 28, 29, 29] 25 12
[26, 25, 26, 24, 27] 24 50
[25, 25, 27, 27, 26] 23 67
[27, 25, 26, 25, 26] 22 69
[24, 24, 26, 26, 25] 21 445
[23, 24, 25, 26, 25] 20 449
[22, 24, 25, 26, 25] 19 454
[24, 24, 25, 22, 22] 18 1712
[20, 19, 25, 23, 23] 17 3420
[24, 22, 20, 23, 24] 16 6842
[21, 23, 26, 19, 23] 15 12635
[] 7 0
[7, 8, 9, 8, 8] 5 21
[6, 6, 8, 8, 5] 4 38
[6, 6, 5, 7, 9] 3 86
[4, 9, 3, 7, 7] 2 109
[6, 11, 4, 8, 7] 1 919
[] 3 0
[] 2 0
[2, 2] 1 2
[] 5 0
[] 4 0
[4] 1 1
[] 33 0
[33] 32 1
[33, 32, 32] 31 3
[32, 33, 31, 32] 30 4
[31, 31, 31, 30, 31] 29 11
[31, 31, 31, 30, 31] 28 12
[31, 31, 31, 30, 31] 27 14
[31, 31, 31, 30, 31] 26 15
[31, 31, 28, 31, 31] 25 17
[28, 28, 26, 29, 29] 24 37
[30, 25, 29, 27, 26] 23 131
[23, 26, 25, 26, 28] 22 379
[25, 28, 29, 27, 26] 21 754
[29, 25, 26, 25, 25] 20 968
[24, 27, 29, 30, 23] 19 1377
[22, 22, 23, 27, 26] 18 2798
[27, 26, 23, 26, 28] 17 2801
[19, 31, 25, 29, 23] 16 3106
[18, 31, 28, 29, 23] 15 3109
[22, 28, 25, 29, 33] 14 8339
[24, 26, 22, 20, 25] 13 14314
[20, 23, 33, 24, 24] 12 18436
[33, 25, 26, 31, 25] 11 29859
[29, 22, 20, 28, 23] 10 35931
[] 18 0
[18, 18, 19] 17 3
[17, 18, 19, 17, 18] 16 6
[18, 18, 18, 17, 19] 15 102
[14, 18, 19, 17, 19] 14 106
[17, 17, 18, 17, 19] 13 112
[19, 18, 18, 19, 18] 12 190
[13, 18, 16, 12, 18] 11 335
[16, 16, 13, 18, 14] 10 983
[14, 13, 18, 14, 17] 9 4672
[12, 13, 12, 16, 16] 8 7337
[12, 18, 15, 16, 12] 7 16991
[] 3 0
[] 2 0
[2, 2] 1 2
[] 3 0
[3, 3, 7, 5, 4] 2 29
[7, 4, 5, 3, 4] 1 26
[] 3 0
[3, 3, 7, 5, 4] 2 29
[7, 4, 5, 3, 4] 1 26
[] 8 0
[7, 8, 7, 9, 9] 7 7
[9, 9, 8, 7, 7] 6 14
[7, 8, 8, 7, 7] 5 29
[5, 9, 5, 7, 7] 4 102
[4, 6, 4, 6, 6] 3 416
[9, 9, 6, 6, 6] 2 825
[7, 6, 10, 5, 6] 1 1691
[] 3 0
[] 2 0
[2, 2] 1 2
[] 11 0
[13, 12, 13, 12, 12] 10 7
[13, 13, 12, 12, 12] 9 8
[12, 9, 14, 12, 13] 8 11
[9, 12, 14, 9, 13] 7 12
[9, 13, 9, 16, 13] 6 438
[14, 15, 14, 15, 14] 5 974
[17, 16, 14, 9, 15] 4 1178
[16, 10, 18, 8, 11] 3 2125
[14, 14, 13, 10, 17] 2 2000
[10, 15, 10, 6, 11] 1 131
[] 32 0
[34, 32, 32, 34, 34] 31 9
[33, 32, 33, 32, 34] 30 77
[32, 34, 33, 32, 34] 29 80
[35, 34, 36, 36, 34] 28 182
[32, 34, 32, 30, 34] 27 785
[32, 34, 28, 36, 32] 26 897
[38, 32, 31, 35, 33] 25 2852
[31, 33, 30, 28, 32] 24 3531
[27, 30, 27, 32, 32] 23 11579
[34, 27, 31, 35, 36] 22 14444
[] 5 0
[7, 6, 12, 7, 5] 4 9
[4, 7, 12, 7, 6] 3 11
[8, 5, 4, 6, 5] 2 57
[8, 5, 7, 6, 5] 1 59
[] 29 0
[29, 29] 28 2
[28, 29, 28, 29, 28] 27 7
[28, 28, 28, 29, 28] 26 8
[28, 28, 29, 29, 28] 25 9
[27, 28, 26, 26, 27] 24 22
[26, 28, 28, 26, 27] 23 28
[28, 27, 28, 26, 29] 22 31
[25, 24, 26, 26, 27] 21 206
[27, 26, 26, 26, 26] 20 396
[24, 25, 26, 24, 25] 19 698
[25, 24, 26, 20, 27] 18 2423
[23, 28, 24, 20, 27] 17 3495
[21, 23, 27, 27, 29] 16 5686
[] 5 0
[7, 6, 12, 7, 5] 4 9
[4, 7, 12, 7, 6] 3 11
[8, 5, 4, 6, 5] 2 57
[8, 5, 7, 6, 5] 1 59
